4
0.365553 0.117629 0 0 
0.0520246 0.220272 0 0 
0 0 2.96058 -0.699239 
0 0 -1.58100 4.91324 

4
1 0.7500     1  1.500
0  1.250 1.500 0.5000
0      0     1      0
0 0.5000     0      1

3
5.14750 7.25360 5.72359
7.37622 2.77815 1.52767
6.20326 3.90000 4.06817

8
0.3655534158460796 0.1176289613358676 0.05202456051483750 0.2202723179943860 0 0 0 0 
0.4669693079777062 0.2861371259205043 0.2195195816457272 0.03050438500940800 0 0 0 0 
0.1547470651566982 0.9813830591738224 0.7235564817674458 0.3897104263305664 0 0 0 0 
0.4488329053856432 0.9329592934809625 0.5381141030229628 0.3416173518635333 0 0 0 0 
0 0 0 0 0.8259462867847017 -2.448133730304174 0.8395932308523935 4.278179306421697 
0 0 0 0 1.756232052556363 -2.197595343320074 4.059136889793922 -2.699706374067937 
0 0 0 0 -0.5244864323350286 -3.147616918996764 5.029054652658730 1.363513855916167 
0 0 0 0 -0.09106109659356333 5.365510584900288 -6.640867748597345 -1.145688747763822 

4
0.3655534158460796 0.1176289613358676 0 0 
0.05202456051483750 0.2202723179943860 0 0 
0 0 2.960581658706400 -0.6992388379297605 
0 0 -1.580998232708160 4.913239884545819 


4
1 0.7500     1  1.2500
0  1.250 1.500 0.5000
0      0     1      0
0 0.5000     0      1

4
5.11862 1.26424 5.54609 8.47202
4.45882 7.82514 1.27561 5.23278
1.13333 0.91223 6.74490 7.48134
8.13705 5.24617 3.34343 3.96792

6
0.45183 5.21141 7.45283 0.94171 7.60814 0.32847
5.23364 3.85707 3.11992 5.99068 2.50682 7.94333
4.54147 5.05677 1.64648 2.85579 3.50498 4.43183
7.15731 2.72071 5.52244 2.40176 7.48042 6.88957
2.37645 8.85937 8.32183 5.92206 8.29823 7.15861
6.80906 6.82277 1.99753 6.01130 5.02998 0.67768

5
79.81 54.19 80.27 37.92 70.53
11.54 12.21 51.80 71.66 13.84
51.41 70.38 75.09 98.09 38.51
96.80 65.33 90.58 61.63 49.31
66.67 89.07 14.89 74.07 57.73

6
0.8126682173460722 0.3594747902825475 0.5811284617520869 0 0 0 
0.7505739978514612 0.7124493094161153 0.9749321867711842 0 0 0 
0.8664260078221560 0.6972165913321078 0.5332915093749762 0 0 0 
0 0 0 2.164868417397038 -3.209306907828116 0.6785851942271759 
0 0 0 -1.541480138007015 0.5063160165303620 1.842456775807276 
0 0 0 0.4589833969057308 2.571568797430453 -2.232579297865754 

